694.466 -892.941
511.641 392.101
824.152 844.116
502.89 394.668
1047.79 931.922
501.108 394.665
510.885 392.658
-548.516 -1529.49
517.36 390.302
3.61106 986.668
1601.15 1475.54
499.225 395.492
248.843 328.185
503.027 393.896
1425.78 720.373
501.297 394.819
491.333 397.333
490.444 397.33
489.554 398.225
488.667 398.222
487.778 398.222
489.721 398.338
497.855 395.835
-330.505 266.267
497.761 396.341
599.102 516.908
482.444 400
481.556 400
480.667 400
-11.4116 807.353
363.984 714.611
967.946 115.277
481.838 399.528
576.428 152.702
39.2653 344.477
1180.42 1178.15
122.684 155.614
490.857 397.597
486.886 398.387
470.889 403.555
493.015 397.207
899.177 122.245
468.222 403.555
208.988 571.008
466.444 404.444
1172.11 299.177
705.953 802.616
-150.623 -154.348
-232.251 -270.498
461.998 405.334
461.108 406.22
388.334 48.7973
460.033 406.024
458.445 406.222
1449.33 -261.979
459.418 406.344
387.27 614.073
2455.08 2450.44
686.625 316.599
453.111 407.111
458.667 406.134
459.614 405.538
667.419 453.087
449.556 408.889
-67.895 317.882
268.714 614.511
448.259 409.392
561.89 -133.507
640.101 138.867
-498.837 -469.553
689.466 65.9147
442.445 410.666
1246.6 507.464
-133.681 67.2764
88.0855 834.691
722.195 1087.15
696.202 726.317
437.114 412.446
267.723 832.983
435.333 412.444
107.245 79.7908
832.561 395.286
1788.91 -311.425
431.777 413.332
1612.09 -1399.91
791.46 478.592
428.222 414.222
427.497 414.154
464.465 334.828
1726.03 2011.19
-202.614 689.95
423.778 416
422.891 416.001
422.317 415.839
1633.35 1287.67
420.22 416.885
5176.71 -1434.58
610.5 554.373
417.557 416.888
253.978 430.001
-176.796 -199.409
414.89 417.778
518.519 214.689
1990.69 -2175.71
-115.228 398.325
411.334 418.669
410.444 419.556
4424.75 -7360.5
408.667 419.556
239.785 404.651
631.745 623.324
405.998 420.444
400.675 421.332
36.1367 855.467
183.706 333.472
178.871 802.472
-732.474 -479.968
400.666 422.222
494.396 1001.85
398.889 422.222
398 422.222
485.326 289.038
396.223 423.111
112.473 175.476
394.444 424
393.556 424
390.792 424.453
806.96 76.9054
246.404 66.2255
1069.46 558.815
383.477 426.255
239.227 106.999
239.665 1120.77
543.526 -1219.38
955.191 119.347
384.666 425.778
383.778 426.667
1417.4 967.266
815.217 573.106
645.526 345.949
380.194 427.562
379.333 427.556
-319.825 -76.4484
372.743 428.706
376.505 428.487
-645.234 648.949
427.674 143.423
799.8 955.538
562.398 775.214
366.867 430.672
2965.08 -2354.96
630.336 481.637
355.099 433.902
183.155 448.91
501.293 1154.37
157.382 851.814
218.85 1031.34
1931 -1990.74
-1235.55 -298.114
-122.247 1061.22
362.445 431.999
361.556 432
470.026 605.055
191.791 866.495
357.157 433.328
358 432.889
357.112 433.777
349.229 435.576
355.332 433.778
354.443 434.662
-200.92 554.433
350.673 435.177
351.777 434.666
6816.09 8491.16
350 435.556
349.107 435.564
465.515 622.977
345.327 436.972
346.445 436.444
323.87 441.998
1785.84 -1729.21
343.778 437.333
-1933.1 812.524
323.318 442.113
341.112 437.335
327.367 440.547
3566.28 1015.62
338.445 438.223
337.557 438.225
805.062 -58.4556
342.62 185.143
444.161 277.563
231.98 523.995
416.255 524.912
331.333 440.892
330.444 440.889
299.587 448.681
328.665 440.889
2961.81 2265.15
13142.3 20976.7
-146.016 304.393
327.778 441.778
328.667 441.778
329.555 441.778
330.444 441.778
331.333 441.778
332.222 441.778
-79.6437 931.103
-292.662 -142.144
335.777 441.78
112.95 554.773
326.856 647.547
674.354 638.908
592.838 411.886
-189.014 251.638
-370.52 1433.36
137.047 -501.435
343.778 440.889
2878.57 3546.58
345.556 440.889
346.443 440.888
347.333 440.889
2783.74 3639
-96.4266 890.963
33.2314 256.985
139.504 659.391
351.778 440
-113.862 -456.538
-533.567 1028.26
354.445 440
-59.8821 772.138
354.71 440.54
357.11 440
2611.52 -1172.05
486.56 471.824
73.5449 539.657
340.909 448.063
362.444 440
363.332 439.109
1638.12 670.52
365.111 439.111
366 439.111
605.787 754.109
355.413 444.321
368.667 439.111
368.129 439.734
-7801.09 7286.56
371.333 439.111
-42.2092 730.085
663.111 847.731
374.001 439.111
374.889 439.111
375.777 439.111
-1442.29 -494.174
477.19 -27.7635
396.152 222.42
374.245 441.887
-102.91 296.581
381.111 439.111
804.52 647.469
382.889 439.111
379.568 441.701
654.919 379.723
1842.55 2434.85
-402.865 2444.26
387.333 438.222
388.223 438.222
-3634.77 -2338.91
509.326 749.093
909.33 357.656
391.777 438.222
-47.0763 322.915
387.079 443.542
394.444 438.222
395.334 438.222
396.222 438.222
-587.599 -1661.48
481.923 553.524
488.808 656.332
396.959 440.286
695.102 717.542
637.042 174.74
402.443 437.333
-195.695 1675.46
404.223 437.336
405.11 437.333
406.001 437.334
406.889 437.333
405.065 441.193
407.226 439.194
409.553 436.443
678.309 982.043
1698.25 -863.186
412.222 436.444
413.111 436.445
412.338 527.007
414.887 436.445
415.509 438.32
1012.9 610.801
203.636 51.7786
418.444 436.444
-51.5226 957.718
420.223 435.556
-188.758 -417.441
-1635.35 -1885.85
422.889 435.557
424.666 435.555
-701.078 -1045.49
427.391 437.662
-2924.08 -4076.64
428.347 435.783
68.5862 530.754
632.752 172.02
31441.6 14806.9
1019.27 552.538
-797.849 1535.34
355.919 837.383
434.441 435.551
-28.219 21.8154
1216.77 968.13
824.061 530.429
595.772 376.819
625.453 1563.08
446.634 441.269
597.807 946.972
449 441.282
-99.371 534.102
443.333 434.668
-1299.15 1290.14
603.211 195.443
446.893 434.671
453.017 437.683
1505.07 -268.534
230.665 -174.47
450.445 434.667
451.334 434.667
62.5417 217.498
413.254 191.516
454 434.667
361.966 979.476
1539.99 118.306
666.603 -40.0497
803.728 336.687
8724.79 11296
460.733 433.406
1493.28 1025.13
461.111 432
149.27 724.226
472.273 433.927
463.778 430.222
-104.851 1259.88
480.5 432.999
466.444 428.445
476.486 429.386
468.221 426.662
469.703 426.77
470.001 425.778
479.472 427.085
477.571 425.661
1887.08 838.295
474.16 423.17
528.742 166.491
7001.63 7784.08
902.621 -10.9882
477.111 421.333
497.154 421.302
-613.321 709.881
478.889 418.667
162.662 -124.187
-59.5884 400.201
488.154 416.796
1314.17 -2147.05
490.952 415.789
4430.95 -9573.04
255.505 508.998
486 414.222
1396.28 1115.23
1059.99 221.004
493.73 412.06
546.808 682.439
499.821 409.741
501.752 409.65
1324.9 624.259
492.223 408.891
493.111 408
493.999 408
494.89 407.111
960.346 1034.55
283.149 1027.21
497.555 405.333
770.407 110.008
961.166 -17.3431
1552.29 -14.6047
501.111 402.667
-148.36 -651.637
502.89 401.778
902.216 511.557
906.717 871.276
506.5 399.807
964.806 362.947
516.953 395.885
953.383 -320.632
435.942 784.314
1128.82 218.57
293.611 495.275
1381.29 1315.56
789.161 965.171
-500.261 1558.34
956.304 -2485.44
100.578 -240.328
197.071 128.262
478 313.778
446.947 -2651.94
476.223 313.778
-444.802 1131.23
239.594 841.369
473.556 313.778
-191.243 -58.8901
470.327 312.931
140.598 271.618
460.578 308.571
1852.39 -866.308
468.221 313.778
454.315 307.11
466.444 313.778
465.556 313.778
464.666 313.778
463.053 313.44
738.012 548.889
400.971 944.206
2310.24 3048.57
459.333 313.778
68.5721 280.151
-14.4302 35.6825
456.667 313.778
455.778 313.778
-148.239 597.285
941.176 632.113
14010.5 -26895.9
452.224 314.669
-159.759 -69.0469
450.445 314.667
-214.785 1125.6
-56.0368 581.641
446.889 314.669
445.999 314.667
717.949 566.75
240.264 -392.769
-62.8198 378.865
442.445 315.556
430.42 312.532
440.667 315.556
-79.3456 -291.048
1197.02 273.258
426.244 312.539
5823.83 -3708.53
436.222 315.556
625.507 -137.386
-179.292 1138.21
433.556 316.445
432.667 316.443
431.78 316.446
430.889 316.446
430 316.444
429.111 316.445
428.222 316.444
-663.099 -1463.31
1583 -29.8338
576.798 257.198
-739.55 283.388
217.692 509.594
411.83 315.268
824.927 -157.695
-977.956 2233.66
160.961 337.58
-76.1342 336.507
403.834 314.746
973.869 -178.158
416.666 317.333
-932.558 399.269
-599.062 4149.55
411.98 316.993
413.111 317.333
412.222 317.333
411.333 318.223
1131.15 1130.87
930.884 405.354
118.053 -331.257
407.775 318.224
258.791 4.28197
2477.26 -1200.03
586.758 204.637
-492.124 14.4117
403.334 319.109
402.445 319.111
-117.258 2051.8
366.849 314.738
399.776 319.113
398.888 320
398 320
723.4 1012.09
580.484 662.337
395.332 320.001
3965.51 -2239.21
393.556 320
392.666 320.889
391.778 320.889
364.153 318.154
356.803 318.447
912.095 462.098
393.556 321.778
394.445 322.667
-6342.99 -2541.26
361.914 319.548
495.777 171.518
-675.659 115.518
669.094 144.419
210.501 -57.7095
400.667 322.666
1054.19 405.669
1519.25 1444.51
-98.0974 978.254
404.222 322.667
-65.8212 -269.22
583.928 -198.534
130.179 -339.269
407.777 322.667
410.801 314.358
409.556 322.666
410.444 322.667
728.91 136.079
413.111 322.667
414 322.667
4262.91 507.19
7796.81 -8718.97
416.667 323.554
709.063 128.497
418.444 323.556
419.337 323.557
279.695 514.809
421.115 323.556
422 323.555
644.921 558.344
-121.629 -1394.94
117.865 953.463
420.655 323.943
426.447 324.446
427.333 324.444
1165.79 -210.076
-3350.83 -2562.72
430 324.445
-23.6132 154.208
431.779 324.443
143.32 604.706
210.974 -82.7677
434.444 325.333
-175 -365.732
436.221 325.332
1382.57 7384.67
-1096.78 -2797.94
438.889 325.333
439.777 325.336
440.667 325.333
441.556 325.333
382.122 1048.12
443.332 325.333
444.222 325.333
443.35 326.036
446.004 326.224
-36.2873 739.162
155.628 741.417
1088.7 989.21
449.558 326.223
450.446 326.224
447.253 326.696
583.907 795.525
453.112 327.112
1318.86 784.809
438.667 325.342
455.778 328.002
665.829 194.265
457.557 328.001
-454.264 -713.586
-2638.44 -1861.09
885.826 -124.127
461.112 328.889
8.59576 693.278
809.968 401.867
463.778 328.889
219.422 436.174
465.556 328.889
425.932 -115.188
468.222 328.889
470 328.889
469.967 329.703
470.005 329.63
-407.246 247.913
473.556 329.778
505.935 -496.295
475.333 330.667
470.278 330.283
921.982 1190.59
1070.11 807.142
470.916 330.098
910.881 -113.577
-890.358 702.766
307.676 -335.265
482.444 331.555
483.332 331.557
440.934 548.127
273.579 863.522
486 332.444
486.887 332.444
487.779 332.444
469.257 260.4
920.279 524.68
376.622 1252.6
-3206.78 -1663.22
492.223 333.333
-729.077 244.725
494.002 333.332
593.252 -338.249
-154.458 530.667
496.668 334.225
121.212 774.911
-158.683 1032.05
497.637 336.128
3463.28 1376.9
501.104 335.123
502.001 336
906.951 875.173
244.171 964.875
-931.814 -2947.24
505.994 336.878
506.443 335.999
690.879 1224.45
55.3203 844.81
1767.85 1075.23
510.001 336.889
512.783 338.073
2247.5 179.632
513.188 338.089
555.993 30.7158
-1996.72 978.52
516.824 339.469
518.875 339.993
517.111 338.667
518.001 338.668
421.105 537.615
219.598 111.662
523.228 340.636
1116.32 -138.29
519.62 501.271
523.332 339.556
524.223 340.445
525.11 340.444
-412.705 531.054
526.889 340.444
527.777 341.333
528.667 341.333
529.556 342.222
775.046 238.924
531.334 342.223
2190.81 2007.07
5752.38 -3738.36
783.686 764.423
543.711 346.136
194.679 -21.0362
372.863 464.589
537.555 343.111
447.237 -74.4763
769.712 387.768
557.917 350.93
541.112 344.889
542.835 345.162
-1499.37 3149.73
543.774 345.779
544.668 345.778
545.555 345.778
547.334 346.666
548.222 346.667
593.474 1161.23
564.779 351.214
316.863 87.5408
551.778 347.556
552.667 348.444
774.266 -2719.48
369.614 601.549
644.86 -529.043
136.659 -4768.32
570.744 353.65
419.615 324.236
558.887 350.222
780.722 481.583
819.485 -150.788
561.554 350.218
564.575 351.786
563.333 351.111
564.222 351.111
565.112 351.112
427.817 486.357
821.506 461.751
459.13 450.969
568.667 351.111
575.55 352.812
-1361.81 -43.7988
3515.2 1219.82
-301.866 897.722
-14.9673 534.627
644.326 602.831
574.888 347.555
589.885 349.454
459.941 518.514
695.568 335.538
578.446 344.889
579.333 344
580.223 343.111
581.111 343.111
202.173 694.335
2360.04 682.944
966.949 488.588
1366.96 -151.703
590.005 339.943
586.444 339.556
3156.65 -1314.72
1073.48 -895.147
589.111 336.889
1101.8 -79.0101
590.89 336
2139.44 2118.01
459.982 942.701
794.855 101.136
621.683 394.267
3672.12 -1586.1
425.013 586.993
-31.8871 399.97
1538.21 925.814
-207.028 559.709
600.667 328.889
601.558 328.001
601.556 327.111
602.445 326.222
603.333 326.222
614.531 324.601
521.791 468.442
606 324.444
606.888 323.555
979.234 -206.433
608.667 322.667
609.555 321.777
610.444 320.888
611.334 320
1017.25 303.679
613.111 319.111
585.332 119.584
641.526 314.811
614.889 317.333
615.778 316.444
630.726 313.149
614 315.555
613.112 315.556
612.222 315.556
673.314 1045.54
-929.214 -1252.32
424.136 463.018
1543.38 -1269.85
2076.42 1138.03
1552.92 1274.67
695.07 162.85
286.972 23.3972
604.223 314.667
603.334 314.667
441.255 82.3227
601.555 314.667
1283.41 -734.613
599.777 314.667
598.885 314.667
598 314.666
723.148 221.388
596.223 314.667
-535.618 1082.2
594.445 314.666
929.13 1000.53
1244.72 -200.903
591.778 313.777
590.89 313.778
590 313.778
313.634 -52.2987
588.218 313.775
620.109 306.456
351.141 236.655
612.421 307.644
584.667 313.778
583.778 313.778
680.057 608.318
582 313.777
1162.94 -114.26
580.222 313.778
1035.83 -119.221
578.445 313.778
188.985 -115.472
576.667 313.778
655.338 408.231
360.369 576.243
591.081 309.237
973.394 483.837
704.292 -43.3951
571.333 313.778
115.643 48.7319
569.556 313.778
568.666 313.778
567.779 313.778
1723.02 814.415
477.082 -373.086
-421.01 -397.638
-126.032 199.996
580.1 307.383
44.9467 -289.564
561.556 312.889
1402.43 -1708.29
559.777 312.888
575.358 307.044
557.999 312.889
535.719 2448.33
556.223 312.889
-1472.45 386.59
566.568 308.21
-2060.25 -1508.98
421.591 -22.025
636.888 663.538
550.89 312.889
550.766 -526.34
549.111 312.889
560.947 307.29
57.5976 -39.3671
175.043 630.452
644.301 -114.981
545.733 312.38
-168.955 2038.57
542.889 312.889
310.509 601.434
158.372 280.344
94.9049 606.146
539.978 312.534
538.445 312.889
540.986 310.903
543.227 308.988
535.78 312.89
-114.911 24.0857
534 312.889
1767.26 -923.781
532.221 312.887
1315.85 778.928
664.328 -17.4923
-4540 4050.37
532.613 309.788
526.889 312.889
534.45 305.453
525.11 312.889
1092.89 -335.462
523.334 312.889
521.552 312.887
359.491 614.002
519.778 312.889
430 466.891
522.839 306.236
179.34 419.997
65.3828 -161.351
1299.4 883.477
855.621 648.313
513.85 312.3
512.666 312.889
511.977 312.402
977.396 1376.66
765.564 -316.223
508.222 312.893
429.442 637.575
-445.011 623.41
505.769 310.533
504.665 312.887
502.655 307.735
385.609 224.181
501.111 312.889
207.788 634.963
7621.66 8125.13
2255.63 -136.171
497.556 312.889
495.528 309.76
494.894 310.725
494.89 312.889
403.616 658.756
-740.219 1467.63
492.223 312.889
491.334 312.89
805.621 252.745
684.851 773.62
485.879 309.28
294.052 583.981
486.89 312.888
765.156 739.765
485.111 312.89
484.222 312.889
481.571 311.202
482.444 312.889
-189.498 829.548
-79.23 -555.337
417.697 178.545
430.001 192.888
430.001 193.777
430.888 194.668
-7075.57 15410.6
432.666 194.666
433.553 194.669
181.473 -145.981
-337.029 -48.0317
803.879 80.001
1442.48 -1373.22
611.551 -193.263
438.889 194.667
114.503 707.182
405.157 154.045
-16.9715 375.286
443.333 195.556
377.438 117.951
445.111 195.555
373.214 -51.3703
446.889 195.556
447.778 195.556
-35.3435 167.064
449.554 196.444
450.445 196.446
400.312 134.923
452.224 196.445
453.111 196.444
454.001 196.445
861.875 210.031
455.777 197.333
416.775 147.876
228.651 -951.523
458.444 197.334
459.334 198.222
454.815 191.399
136.713 331.486
425.314 151.41
420.708 144.091
424.559 147.606
464.666 198.222
206.658 677.343
8.36427 614.737
467.343 198.217
468.222 198.221
443.534 165.083
-285.414 -302.163
465.411 191.739
1215.78 605.378
549.73 -95.4155
473.556 200
475.332 199.999
-207.938 729.487
477.111 200.889
478 200.888
1486.51 -30.2673
448.711 156.803
-48.1486 -20.7502
980.511 -173.054
246.813 90.7651
903.737 370.427
484.221 201.778
471.202 181.35
668.973 348.462
486.888 201.778
487.777 202.666
488.666 202.667
466.887 168.394
490.444 202.666
-268.219 577.433
472.557 173.338
665.266 375.755
-2469.27 1067.97
676.648 259.931
495.777 204.444
489.347 192.845
415.103 715.295
498.445 205.334
2214.68 -2241.76
481.916 611.093
-20391.2 -16746.8
502 205.334
428.095 519.476
503.776 206.223
299.479 19.4585
505.557 206.226
491.125 180.088
507.335 207.112
508.222 207.112
-4.2302 -285.643
462.798 125.631
510.889 207.999
511.778 208
1015.1 -734.556
757.774 -237.937
3143.42 -882.067
515.334 208.889
1568.91 -7208.44
1441.36 -3423.81
-1319.5 533.852
518.889 209.778
63.0228 905.451
633.826 -252.384
4.92362 -42.4971
501.493 170.007
524.223 211.555
675.673 414.673
879.064 692.347
1015.67 -311.688
-1984.85 -6030.27
379.639 -93.5915
3331.81 3865.85
530.445 212.444
635.064 507.267
-191.966 457.018
1063.03 93.6141
-810.334 1194.55
-427.798 684.606
535.778 215.111
536.666 215.111
1137.26 343.165
2395.71 -1185.48
539.334 216.001
527.599 186.875
4199.56 -3197.31
542 216.888
431.377 -178.721
543.778 216.889
986.905 787.852
757.602 26.9748
1160.44 988.588
541.638 202.022
411.128 529.981
-1522.59 1135.45
550.888 219.555
551.781 219.56
233.094 -320.074
531.228 160.056
591.296 -246.345
556.222 221.333
1162.03 625.054
-267.719 1530.25
558.889 222.223
887.48 487.737
1054.29 537.889
786.051 -14.0992
554.476 199.599
563.335 223.999
555.633 196.859
565.111 224.888
566.001 224.889
566.89 225.777
162.289 737.661
-3094.45 439.142
571.335 226.661
612.855 -295.208
573.111 227.556
574 228.446
844.358 -179.233
402.32 -32.087
157.492 374.264
577.556 229.333
320.049 -347.012
-315.075 492.92
572.867 198.736
581.111 231.112
582 231.111
-3413.9 -3351.19
1855.72 -414.22
915.829 314.552
585.555 232.888
586.445 232.889
611.635 96.4167
588.218 233.776
324.867 12.5234
589.999 234.666
590.89 235.556
131326 -60009.9
413.919 151.603
1176.3 491.48
1047.53 985.669
595.333 236.445
596.227 237.332
597.11 238.222
999.232 549.148
598.887 239.109
1003.38 631.262
600.666 240
2976.8 4621.09
1725.41 510.974
818.014 1685.8
605.112 241.777
-1021.07 -656.516
606.888 242.666
794.064 241.862
608.667 243.555
612.627 -593.224
690.006 94.4211
611.333 244.445
1471.47 533.654
613.111 245.333
2038.77 375.514
615.778 246.223
-2015.67 638.716
656.573 3495.8
2236.97 3177.18
619.334 248.888
1716.82 -700.098
325.115 301.72
622.001 249.778
622.89 250.668
447.115 -162.261
624.666 252.442
7615.96 1360.77
562.296 -408.699
-378.491 1380.27
628.221 254.222
-262.383 -62.6791
630 255.111
24884.4 -24516.6
631.777 256.888
1070.49 801.762
633.551 257.777
634.444 258.667
2542.07 -695.159
2551.9 4376.97
-155.178 313.115
638.002 261.334
638.888 262.221
639.777 262.222
54.5704 -992.186
641.555 264
5081.06 5155.53
643.333 264.888
644.223 265.778
2142.32 399.884
646.888 267.557
723.231 394.907
648.666 269.334
499.221 653.668
4876.04 1340.38
513.807 195.92
651.333 272
3412.27 2439.82
-1271.16 570.892
654.001 274.666
654.889 275.555
654.889 276.444
655.778 277.333
656.667 278.222
-238.597 -1055.06
753.525 324.769
746.535 -387.377
658.445 282.667
658.443 283.556
1841.04 -437.859
658.445 285.333
658.444 286.222
674.828 -244.003
658.445 288.004
658.445 288.889
658.445 289.777
659.513 287.656
658.442 291.55
658.445 292.444
658.444 293.332
657.554 294.222
657.556 295.111
656.666 296
656.667 296.889
1135.4 469.484
229.141 103.892
654.889 299.555
24.7159 -1045.58
654 301.333
566.646 -2625.27
652.223 303.111
964.859 285.852
-83.8549 -387.698
649.842 304.875
61.0852 940.205
1150.54 -232.555
653.875 284.964
653.541 283.384
1129.69 746.141
623.718 303.771
643.333 312
-397.943 -1368.4
1051.21 -182.896
-631.753 -3253.84
644.45 295.93
639.331 314.523
637.999 317.334
-87.0417 1246.85
-416.545 50.5181
635.333 319.11
634.444 319.999
633.556 320.889
-171.776 -229.579
631.777 322.667
371.603 365.402
661.51 445.156
630.455 313.629
510.487 405.717
1080.86 455.474
989.549 -0.168512
16.7808 -168.655
625.716 326.014
624.845 325.405
1057.41 20.5954
623.777 329.778
623.156 324.757
1199.86 474.429
-2211.09 998.289
1208.05 -205.137
478.261 398.086
185.516 223.111
617.046 319.21
-16.2799 184.222
615.779 336
559.887 701.73
614.001 336.888
1270.28 1437.05
612.222 337.778
611.097 336.965
520.175 487.78
609.556 340.444
608.667 341.334
607.778 342.222
1532.75 244.737
83.8363 -41.7262
561.543 522.147
604.222 344.889
1105.35 160.474
1452.75 1558.61
862.33 510.807
428.871 428.253
598.949 345.4
598.89 348.444
597.999 349.335
597.111 349.333
1222.25 3119.78
596.221 351.112
-60.7884 -635.227
594.445 352
-366.121 859.333
490.746 963.471
125.573 1143.9
590.889 354.669
590 355.556
588.229 356.446
587.334 357.333
990.964 813.988
847.68 653.613
579.898 353.618
583.778 360
582.889 360.889
1094.27 896.509
264.572 219.545
580.22 362.664
579.334 363.556
578.444 364.444
270.816 -63.4604
969.989 720.105
575.777 366.221
626.812 536.161
-289.006 577.309
573.111 368
572.222 368.889
1293.78 207.788
570.444 369.778
568.663 371.559
-869.401 -1175.27
563.958 370.941
731.379 898.523
565.107 374.222
1341.65 374.949
563.333 375.999
562.444 376
555.878 374.678
785.568 163.488
559.779 377.781
887.318 449.526
558.001 379.555
2522.95 -2705.51
1047.49 1766.35
298.657 -643.833
535.199 377.117
553.555 383.11
699.262 798.278
702.812 224.661
-575.693 -2279
401.872 622.54
538.573 384.744
548.223 386.67
421.661 65.3742
524.364 385.099
536.791 387.132
392.605 387.649
543.777 390.223
2740.27 1722.64
799.269 46.1716
1555.03 1332.61
704.852 436.644
1072.65 618.747
683.611 617.904
1653.88 -769.7
532.688 394.321
1320.13 230.696
536.667 395.556
411.183 779.14
522.841 397.016
870.976 644.915
525.967 398.112
532.222 399.111
614.046 1132.52
530.444 400
529.555 400.889
606.044 260.386
495.302 871.792
143.754 516.587
526.888 403.556
526 403.556
14631.7 13456.2
200.669 397.927
523.331 406.225
183.904 669.415
1119.41 832.143
520.666 408
356.689 494.359
513.441 409.393
522.619 242.27
512.455 411.171
516.184 410.67
198.636 -45.9413
1725.71 1752.9
513.556 413.333
496.726 416.404
915.555 367.074
509.112 416.889
-185.699 1740.97
1084.69 871.277
506.443 418.667
505.556 419.556
477.162 1409.9
503.778 420.444
502.889 421.333
-15091.3 41521.5
414.978 -93.5693
499.333 424
492.813 425.135
487.349 427.004
495.874 425.948
752.868 427.983
918.877 20.4242
484.057 429.775
-371.592 53.1419
1076.51 845.066
465.607 436.365
121.039 1166.12
987.025 -424.995
110.567 81.5783
487.778 432.889
486 433.778
710.69 383.811
1859.4 -355.758
551.296 527.98
27.3722 473.989
481.556 437.333
753.518 -18.1037
572.452 255.571
478.89 439.11
478 440
468.917 443.263
470.146 442.638
462.122 446.319
1445.54 -34.924
-400.634 -1815.31
471.779 444.444
745.987 965.244
415.192 462.089
-3.27154 1010.17
242.125 202.421
468.222 448
1663.92 1619.86
-257.789 608.579
465.555 449.778
464.666 449.778
463.778 450.667
740.669 306.121
461.999 451.557
461.11 452.442
-881.954 72.5514
-701.494 980.614
392.389 477.856
1257.52 -309.543
449.826 458.368
269.815 1357.19
420.382 469.263
396.096 478.538
147.511 1193.14
453.113 458.669
432.995 466.44
451.333 460.444
-222.831 -13.0987
319.402 1392.66
425.293 470.782
447.774 463.114
298.295 620.594
-240.746 1218.58
445.112 464.889
444.222 464.889
63.9091 654.27
-110.589 650.115
379.191 491.353
817.228 295.015
439.778 469.334
428.055 473.512
438 470.223
437.11 471.111
386.49 491.628
407.447 483.573
433.555 473.777
428.187 475.555
431.778 474.667
430.894 475.563
429.999 475.555
429.111 476.445
428.222 477.333
286.884 748.257
-7198.22 -8467.91
425.556 479.111
424.667 480
423.777 480.889
422.888 481.778
876.648 129.761
421.11 482.667
2954.33 -2558.35
-896.291 2172.82
360.354 510.083
533.768 368.195
416.666 486.224
309.799 767.38
330.291 135.304
906.221 118.37
414 488.889
413.111 488.889
-7300.56 843.37
666.696 391.159
363.309 511.658
133.902 464.749
1606.38 305.36
-48.2636 955.688
914.175 487.408
406.893 493.333
702.006 97.0751
404.222 496
403.333 496
6611.42 6868.11
401.555 497.778
400.667 497.778
599.389 233.666
399.779 499.556
502.48 348.397
-649.043 -183.534
251.047 106.481
535.992 607.099
48162.7 -46370.8
-95.3108 450.605
393.556 504
392.667 503.999
391.777 504.889
2141.46 -875.972
65.4137 735.278
388.222 507.556
624.223 359.18
-2611.33 3909.27
1147.56 1741.65
384.665 510.219
-35.3353 103.905
727.035 151.673
621.831 1060.77
-385.308 -265.873
380.223 513.778
379.334 514.667
200.219 223.457
377.556 515.556
587.005 72.4948
312.761 -319.641
374.889 517.333
374.005 518.22
693.803 573.803
2635.41 3426.92
92.864 576.809
370.444 520.889
369.557 521.778
-864.192 -1305.96
537.401 659.888
415.282 586.922
98.0683 425.175
351.51 532.05
364.222 526.222
363.333 526.222
920.238 -205.632
1632.76 398.497
360.667 528
391.346 914.343
358.888 529.778
357.999 530.666
357.111 530.666
352.961 533.189
355.333 532.445
1325.63 -410.421
2862.59 -2726.85
42808.5 -51223
284.647 569.614
350 536.889
349.111 536.889
210.3 734.073
-1166.12 346.971
-105.794 1041.21
-6555.06 -9957.31
4255.82 10104
-241.877 -173.44
-1196.71 2073.93
268.063 580.774
437.943 -1725.4
334.967 546.277
-1542.82 1155.47
343.635 290.09
796.469 1304.47
613.593 637.683
-1188.08 -1495.71
1133.43 1163.84
-123.308 211.474
334 548.445
477.062 685.867
253.072 591.693
515.004 523.946
285.59 574.604
329.555 552
2235.12 2311.53
1482.59 507.642
1527.02 -465.195
864.164 54.4704
216.534 595.159
325.112 555.563
324.222 556.444
-379.863 -155.248
317.123 560.157
507.961 389.174
320.667 558.222
319.778 559.11
247.221 598.216
318 560.889
317.111 561.778
263.974 589.699
340.385 477.529
314.444 563.556
270.366 587.7
1320.55 1405.37
279.5 582.706
-1194.46 2169.66
490.955 -9.75511
1115.53 -160.185
1651.66 -880.2
1606.65 1730.78
306.445 568.889
468.252 630.899
262.014 819.271
121.798 129.053
302.889 572.444
313.754 733.79
283.111 -771.958
299.334 575.111
298.443 576
483.602 1388.1
295.778 577.778
138.582 555.242
286.534 582.772
-785.008 1050.21
77.1081 804.387
284.412 584.257
252.453 602.302
234.965 612.419
205.534 628.084
332.163 1063.09
286.889 584
286 584.889
254.691 602.705
-50.6141 3361.97
-544.518 1903.57
282.445 587.555
-155.205 1056.41
280.667 588.444
1292.09 620.412
470.763 1224.79
10.2003 490.419
-131.982 366.72
391.087 990.107
791.698 663.349
420.939 612
875.623 1322.93
243.459 611.627
235.262 559.62
186.88 643.371
243.872 611.691
155.273 273.043
232.048 618.238
268.222 598.222
610.113 1581.77
748.595 432.706
264.667 600.889
175.797 1077.01
-0.289836 357.346
-254.928 1319.04
-76.6496 233.226
543.022 701.974
212.153 631.837
272.288 2648.22
258.445 606.222
257.556 606.222
740.475 609.942
570.79 354.431
425.512 1365.4
-806.927 921.923
261.113 607.111
448.709 1016.26
-1215.06 814.071
167.037 661.252
264.667 605.333
-94.1346 294.681
442.975 281.111
862.16 136.196
269.111 601.778
-191928 34735.6
270.889 600.89
-240.212 877.947
2241.31 3165.23
490.203 1319.66
274.444 599.111
-193.698 541.581
276.222 597.333
277.112 597.333
278 596.444
347.005 640.653
-1702.03 -895.135
-202.204 434.3
1807.48 158.917
282.444 593.778
283.333 593.778
-2270.99 687.79
745.889 962.46
-1494.39 41.8875
355.497 376.801
286.889 591.111
287.776 590.22
289.556 589.333
290.444 589.336
4195.99 13220.5
292.222 588.445
293.111 587.555
622.572 946.689
294.889 586.667
295.778 585.778
161.738 254.972
297.554 584.893
240.822 617.075
-1910.81 2679.76
195.218 643.427
301.11 583.111
302.001 582.224
302.889 581.333
9807.38 1765.02
259.984 124.806
748.293 1752.24
-133.893 217.647
307.333 578.667
-698.057 9380.03
309.112 577.778
259.981 605.522
310.888 576.889
311.777 576.889
312.666 576
244.733 614.567
314.445 575.111
-1742.98 -1161.15
316.223 573.333
317.111 573.333
213.789 633.342
347.299 -540.843
-30.8081 2694.08
166.195 237.275
321.553 570.671
655.311 795.108
323.334 569.778
325.111 568.889
482.677 443.596
326.889 567.11
919.295 1174.28
433.656 289.005
195.366 -27.6979
330.445 565.333
317.117 573.504
332.222 564.444
-76.1998 909.997
104.768 768.982
334.892 562.672
335.778 562.667
-51.4434 415.922
1066.52 2458.06
338.444 560.889
234.728 -136.312
340.222 560
1117.81 -1930.66
105.461 446.748
342.889 558.222
343.778 558.222
344.666 557.333
345.556 556.445
1908.6 -501.756
-182.923 300.799
200.491 564.337
349.111 554.667
350.001 554.667
-31.1742 -95.5524
212.522 102.437
121.943 451.653
-3230.22 -217.217
354.445 552
533.623 843.363
356.222 551.111
314.481 1265.43
358 549.333
866.365 970.665
359.778 549.333
264.233 772.676
345.803 556.584
362.444 547.556
615.028 292.118
364.223 546.667
957.677 290.009
-1105.87 -912.531
254.702 609.361
135.028 539.133
512.569 211.847
369.556 543.111
-16.2146 229.048
371.333 542.222
372.223 542.222
373.112 542.222
421.775 -162.634
374.888 540.444
375.778 539.556
-874.352 1991.53
377.55 538.663
182.359 935.412
243.163 791.743
380.222 537.778
-420.22 1159.08
-294.396 1116.04
916.39 432.739
383.777 536
373.364 823.687
200.993 791.69
544.397 537.825
371.171 543.586
146.805 661.146
389.111 532.445
774.336 566.596
390.889 532.444
522.548 233.429
392.666 531.555
-189.064 191.278
641.45 768.563
365.5 547.087
802.82 2190.19
397.999 528
303.233 643.34
370.516 544.078
398.373 528.446
401.556 526.222
1015.1 98.8284
1211.39 2307.43
380.175 539.365
170.886 836.362
418.741 1214.2
406.888 523.555
353.946 555.042
730.205 693.883
-1105.08 1882.67
377.516 541.004
361.413 551.049
412.222 520.887
384.8 537.511
678.971 1137.78
414.886 519.997
381.233 539.357
1011.28 123.584
9006.33 857.513
1995.86 673.09
419.334 517.333
-68.6752 209.265
422 516.445
422.888 515.555
423.778 514.667
385.149 537.982
1244.96 1801.25
66.6122 206.06
-277.47 1597.68
686.159 978.622
1985.93 1747.29
430.888 511.111
643.869 506.795
432.666 511.11
1098.09 261.5
147.654 139.884
982.848 842.167
436.221 509.336
1579.55 988.082
120.522 1218.39
438.89 508.444
680.934 660.47
-702.263 1634.72
441.557 506.667
290.516 410.918
-934.966 -2345.51
648.148 1552.18
-1736.21 675.627
822.898 1830.9
-149.349 3451.06
444.964 505.708
448.667 503.111
449.555 503.112
450.445 502.223
451.332 502.222
485.978 914.701
411.901 526.5
441.262 741.672
605.972 205.026
8.75473 282.907
886.136 -188.314
457.556 498.669
458.443 498.666
342.047 1148.5
460.222 497.777
461.11 497.778
432.394 -505.241
-578.808 133.662
-2299.03 305.187
464.666 496
732.636 795.875
466.444 495.111
467.333 495.111
457.021 501.22
469.111 494.222
-314.035 -1070.91
-202.29 778.441
471.777 492.442
4172.34 4946.11
473.556 492.444
-909.164 548.615
436.731 515.01
476.221 490.666
703.258 382.416
-103.829 1084.38
443.953 512.151
428.606 267.713
480.669 488.888
-1015.78 1988.36
477.546 491.155
-2176.21 883.642
484.222 487.111
-695.766 -601.761
493.418 -38.2062
472.074 495.884
253.605 241.027
488.667 485.333
462.458 503.182
490.444 484.445
491.335 484.445
565.776 542.501
-47.396 -136.991
495.778 482.666
496.67 482.67
924.28 -27.0109
482.622 492.5
830.431 640.851
352.943 326.177
631.997 1357.08
-1082.04 1215.68
502.888 479.999
503.777 480
504.667 479.111
306.72 684.885
506.444 478.223
457.697 281.914
508.222 477.334
2362.56 57.3444
737.959 206.015
510.89 476.444
1025.14 -45.4485
475.926 501.629
676.402 495.526
514.444 475.555
903.143 532.362
516.223 474.667
240.361 952.344
518 473.777
518.89 473.778
-2471.52 2147.31
427.2 256.521
521.555 472.889
476.051 507.837
523.334 472
524.222 471.111
525.112 471.111
695.171 197.7
527.778 470.221
528.667 470.223
784.859 506.944
496.165 496.109
524.079 834.697
598.153 277.311
534.006 467.556
534.892 467.559
535.777 467.555
518.382 481.432
852.371 495.295
338.402 227.818
539.334 465.777
540.224 465.777
541.112 465.778
1128.55 349.022
653.759 699.585
543.778 464
542.04 466.255
545.562 463.999
546.444 463.111
220.275 801.599
548.222 463.111
-1542.65 -665.39
596.271 29.7105
550.888 462.222
551.778 462.222
-174.728 854.102
553.558 461.334
554.444 460.444
-89.4674 853.145
249.076 18.3414
1241.59 -92.0567
557.999 459.556
558.888 459.556
722.448 702.639
560.667 458.667
549.299 471.111
215.142 809.544
2982.33 1850.97
1541.64 -937.73
3224.45 -2910.27
459.338 160.581
566.889 456.889
564.467 460.539
568.666 456.886
569.556 456
9.72106 121.839
1367.81 -1867.14
488.605 381.959
1782.21 1076.87
603.928 -47.3868
912.352 -10.8016
575.777 454.218
576.667 453.333
575.505 455.945
578.444 453.333
485.829 440.136
579.632 454.133
3416.36 2331.71
438.188 762.289
897.402 615.047
347.837 1073.79
584.667 451.556
573.2 470.328
39.1227 -249.097
484.251 317.35
366.798 -43.1684
589.111 449.778
865.303 550.104
590.89 449.778
835.552 -274.01
588.812 456.92
805.993 400.719
589.754 458.013
588.897 461.876
596.222 448.889
790.39 -378.58
598 448
1071.76 370.041
596.228 945.629
1176.25 -646.198
-142.622 -1971.54
328.355 -223.351
603.334 446.223
492.989 -127.596
605.111 446.222
604.8 450.3
99.948 2658.54
-4551.47 4907.95
926.269 -2477.02
609.463 445.743
610.444 444.442
-699.968 475.534
853.682 545.377
613.111 443.556
613.767 445.327
-465.188 1005.89
615.779 443.557
616.539 444.424
617.556 442.667
618.445 442.666
969.913 202.199
1071.1 24.2134
621.488 454.849
216.133 1166.26
622.888 441.778
-479.149 23.4555
624.666 441.778
2087.33 -45.4181
626.445 440.889
627.963 444.335
628.223 440
629.111 440
264.835 165.992
630.886 439.998
5365.09 -8392.5
-1196.37 -391.266
-2686.61 3765.45
-105.707 1745.1
635.334 439.111
760.968 194.273
637.112 439.111
235.938 685.414
638.889 438.222
643.822 446.04
742.077 149.076
641.556 437.333
642.445 437.333
964.278 568.095
667.159 878.854
848.8 239.139
642.544 -167.038
648.05 438.023
661.128 454.031
648.667 435.556
163.292 773.957
650.444 435.556
651.333 435.556
481.425 341.724
653.999 435.556
654.889 435.555
655.778 434.666
-2140.18 34.7297
658.535 435.576
658.444 434.667
219.901 765.319
660.222 433.778
418.158 1786.42
671.816 441.734
677.336 444.059
240.465 715.367
1720.62 -437.332
643.009 657.799
980.614 -383.535
1546.64 -1142.36
-793.986 1189.77
-2673.99 -1540.64
672.25 433.454
670.894 432.001
484.775 873.464
672.668 432
594.979 586.551
674.446 431.996
680.565 434.083
676.222 431.111
1010.78 -3346.99
822.569 408.322
679.778 430.222
693.289 436.581
681.556 430.222
682.449 430.222
687.56 432.262
1358.65 925.004
220.966 637.237
968.695 259.1
249.009 -299.648
949.865 3167.74
692.136 430.832
693.238 430.905
992.627 -101.571
691.332 429.333
773.099 410.516
284.564 1327.38
620.238 400.702
694.889 428.445
471.87 365.13
696.663 428.443
325.749 722.255
701.605 428.68
699.333 427.556
705.348 -1019.63
718.439 433.521
702.89 426.667
293.682 118.079
734.996 435.972
706.443 426.667
707.333 426.667
977.428 1059.41
283.695 430.082
429.485 506.381
356.473 221.403
711.775 425.783
996.903 1176.04
-907.075 -1340.48
714.445 425.778
715.98 425.955
1134.02 798.262
1662.97 1152.11
797.297 814.983
718.889 425.779
-1242.56 -0.89456
720.667 424.889
654.913 512.229
810.264 173.522
723.326 424.887
724.225 424.889
725.11 424.886
-1350.01 1349.11
703.029 -250.228
727.778 424.889
733.934 425.184
729.555 424
1220.47 764.63
-9136.3 -511.784
732.231 424.005
599.091 115.377
947.952 470.314
734.889 423.111
735.778 423.111
289.108 -3433.15
788.592 40.3005
654.035 294.45
739.332 423.111
991.947 675.109
1316.66 -341.926
283.425 1001.6
771.452 427.481
407.146 1393.37
999.597 303.412
583.704 -1136.74
746.444 422.222
1486.97 1260.71
764.427 424.906
642.74 155.038
750.89 422.222
751.778 422.222
752.666 422.222
601.762 389.113
754.444 422.222
781.822 426.651
756.227 422.227
757.11 422.219
757.999 422.223
774.714 424.802
759.779 421.333
760.667 421.334
795.964 426.619
762.444 421.333
-381.427 2000.66
771.326 422.404
954.63 204.725
765.998 421.335
766.889 421.334
771.663 421.905
723.212 817.965
769.555 421.333
770.443 421.333
771.334 421.333
304.546 345.636
542.244 487.833
13258.4 -25481.7
252.239 18.1385
387.997 879.437
1646.15 -714.248
3132.39 842.095
244.932 1345.76
922.426 947.693
1159.09 246.022
795.497 422.307
782 420.444
804.89 423.263
813.519 424.233
784.667 419.557
785.556 419.556
786.443 419.555
789.54 419.819
894.162 259.033
816.28 422.765
808.675 421.75
397.404 140.56
731.236 127.231
1936.55 1845.96
-552.052 1354.35
854.353 426.281
796.223 419.556
800.654 419.855
798.892 419.556
799.778 419.556
893.594 797.323
-73.4584 1314.99
856.228 425.446
422.447 -206.611
804.223 419.554
300.371 758.348
611.233 58.5024
1183.98 907.361
1110.09 498.374
808.666 418.667
809.556 418.667
1324.92 862.27
1397.24 1169.64
-16.7336 394.659
813.11 418.667
1195 672.473
2168.49 -1943.66
1003.34 496.478
2530.2 160.872
830.662 419.933
818.444 418.667
1285.66 1080.26
820.221 418.667
1374.55 485.912
913.326 427.297
822.888 418.667
-3130.88 -5080.96
697.633 1790.85
207.252 1509.74
2323 1754.18
827.333 418.667
828.222 418.667
829.108 418.663
830 418.667
909.077 425.745
845.62 419.914
626.613 372.989
283.068 209.672
396.024 1040.83
835.333 418.667
2601.16 -144.941
1452.93 289.043
339.754 929.149
838.888 418.666
839.777 418.668
840.667 418.667
2191.52 -328.22
-507.901 666.288
1139.66 687.141
845.111 418.668
1219.53 -63.5233
1050.56 -220.042
246.975 -116.538
850.773 418.843
849.557 418.666
911.446 559.041
-5039.33 -5301.25
862.967 419.474
459.055 400.513
2194 1022.52
648.387 441.638
1264.05 1049.33
857.555 418.667
858.446 418.666
859.334 418.667
860.223 418.667
861.111 418.667
663.616 -6.51186
862.889 418.667
863.778 418.667
946.101 426.206
943.859 425.928
866.445 419.556
32124.9 61789.8
4597.39 -1076.42
645.717 967.354
1025.03 612.114
732.706 951.21
1139.02 766.415
873.555 419.555
907.695 422.167
841.648 474.278
939.609 424.499
877.11 419.556
878.001 419.556
819.308 263.328
879.779 419.556
385.318 828.167
829.43 562.882
882.445 419.556
702.812 70.9254
159.049 1440.05
1513.63 1024.23
886 419.556
934.931 -960.968
887.778 419.556
888.665 420.444
719.455 407.794
1212.93 -221.644
891.333 420.444
978.254 427.041
908.68 421.633
906.963 421.432
-764.43 -1887.83
896.667 420.444
1106.78 410.747
1151.32 845.935
961.719 425.025
930.65 423.62
1672.81 449.274
1240.62 159.121
903.777 421.333
1217.6 342.463
905.555 421.333
906.444 421.333
907.333 421.333
950.791 424.547
909.111 421.333
-2525.11 939.177
910.889 421.333
932.404 422.871
-708.051 -543.118
1050.49 710.508
914.445 421.334
915.336 421.334
978.808 425.931
917.112 421.334
421.75 146.029
918.892 421.338
919.77 421.327
-654.932 -117.628
938.34 421.606
922.445 419.556
913.337 404.438
924.222 418.666
70.8296 491.425
1477.25 1149.18
969.879 420.328
1189.55 528.298
1342.14 250.031
940.242 794.523
996.393 418.413
1047.34 420.903
1598.81 140.814
1458.62 1175.74
297.853 -586.838
770.605 604.663
1393.63 476.28
1002.81 414.059
1404.89 643.467
1687.12 1035.99
939.331 410.664
940.223 409.778
948.151 409.067
1710.97 537.021
943.782 408.002
944.666 407.998
1428.31 383.626
4013.34 332.832
1058.98 408.495
948.222 405.333
711.401 650.732
949.996 404.444
755.821 1013.44
951.773 403.556
552.11 275.111
-13388.3 -21908.5
720.487 718.532
876.902 236.304
956.222 400.887
957.111 400.889
5939.51 4068.61
930.203 629.15
982.924 -491.498
960.667 398.223
1368.63 174.188
1216.67 317.426
963.337 396.444
340.268 -48.09
966 395.556
733.797 597.504
972.366 394.602
968.667 393.778
1208.28 631.327
970.445 392.889
971.333 392
1355.98 265.835
973.113 391.111
570.278 217.817
985.969 389.93
975.777 390.222
976.669 389.333
977.555 388.445
978.443 387.555
979.333 387.556
1035.36 167.39
8634.55 -5564.52
2452.03 -971.478
2224.03 -1003.67
721.984 1476.57
978.446 384.885
693.126 487.962
485.498 575.687
975.773 383.111
1040.39 380.077
1041.62 379.972
461.315 141.641
972.222 382.222
971.334 382.224
1046.3 481.798
969.556 380.444
-154.34 507.789
1115.79 63.3208
966.886 379.555
966 379.556
976.35 378.902
699.16 368.623
1211.68 426.857
1457.76 -301.832
961.552 377.778
960.666 377.778
959.779 377.778
1051.36 774.135
984.76 374.071
1726.9 1121.99
980.804 449.626
953.556 375.111
952.668 375.111
809.229 1038.15
950.889 374.222
961.362 372.43
949.111 373.333
243.255 973.723
135.083 591.684
745.909 -247.741
954.478 507.378
101.474 68.0781
1731.66 72.4801
1273.27 -1793.75
511.643 170.277
2369.4 1988.65
937.556 368.889
5178.89 3472.3
1058.38 23.0924
949.468 366.54
779.774 714.503
1136.52 196.269
1078.44 626.153
2539.69 -955.474
983.016 194.014
929.556 365.333
928.667 365.333
957.48 362.033
1604.91 316.499
926 365.333
972.829 358.957
924.222 363.556
954.255 359.888
839.785 -165.571
1481.78 293.317
344.537 -35.7647
989.458 353
918.889 361.778
918 361.778
635.368 774.146
1411.81 1348.44
7829.57 26726.2
5156.31 1171.99
913.556 360
912.667 359.111
-458.183 -309.618
1009.54 345.405
1838.57 -550.436
909.111 358.222
1855.69 -422.935
1307.88 498.228
571.783 868.508
822.596 775.897
308.069 -133.823
1403.62 460.346
1502.34 995.328
936.114 350.237
930.527 350.955
936.837 349.812
1328.15 -511.737
773.443 -1031.74
897.556 353.778
895.778 352.889
785.877 253.551
14652.2 9981.21
1884 -880.863
892.222 352
891.333 352
993.766 157.326
948.968 340.442
888.666 350.223
887.777 350.221
720.246 557.279
-513.387 850.398
961.91 334.797
237.13 -591.206
333.877 684.296
964.107 332.554
891.674 346.469
409.218 -2883.37
499.534 972.913
1153.92 -240.773
855.95 711.517
643.225 481.914
857.397 62.6283
875.334 344.889
911.624 628.355
146.183 1118.25
1084.11 628.446
802.573 746.54
908.332 335.716
1351.58 22.9623
1348.2 662.342
868.221 343.111
-81.3287 278.768
525.689 523.355
906.561 331.62
788.605 -129.434
911.206 330.017
922.991 325.831
894.806 332.439
958.601 316.566
860.222 339.555
859.333 339.555
861.001 338.014
2966.32 -262.59
1002.85 904.029
1207.32 355.656
2096.57 -999.57
446.928 -302.704
852.226 336.887
851.335 336.001
138.632 -1040.15
850.982 334.711
848.666 335.111
642.433 -522.883
600.319 -387.466
845.111 333.333
844.223 333.333
876.024 322.632
2084.75 -911.607
1171.46 -27.9006
840.667 331.556
856.688 -255.415
663.44 193.231
838 329.778
411.721 573.731
1755.44 -617.721
1799.45 289.994
2230.36 1475.46
258.719 571.09
840.755 324.359
884.028 308.151
1696.39 -31.4517
852.556 317.716
833.808 323.084
829.111 324.444
989.906 207.116
52.7889 -296.973
826.444 321.778
825.554 321.776
900.325 291.84
840.822 313.355
881.546 297.024
875.677 296.178
1119.11 134.256
199.028 286.392
1043.63 260.95
1111.13 -380.697
871.153 379.872
815.779 313.78
4499.95 4771.55
814.89 312
901.981 271.046
813.111 310.222
812.222 309.333
273.613 245.326
850.575 288.193
867.206 729.268
808.667 305.778
808.633 304.458
1736.06 -359.198
3024.83 -1584.99
814.412 297.826
805.112 301.333
843.994 279.65
804.222 298.667
806.224 296.176
746.845 487.882
1405.1 652.974
-589.43 246.837
800.668 294.222
799.778 293.334
799.775 292.444
798.89 291.556
807.848 285.22
-668.989 841.67
798 288.889
797.11 288.001
-687.572 -3401.56
801.974 282.525
795.332 285.333
795.334 284.444
1034.02 64.4802
794.445 282.666
794.445 281.778
793.555 280
792.666 279.111
-2025.86 963.081
808.423 265.504
791.778 276.445
790.89 275.555
-921.57 2011.31
1146.3 -26.3619
741.351 -114.254
4047.78 -3517.5
790 271.118
849.323 225.15
789.11 269.334
471.289 164.993
315.396 -80.745
1837.23 -849.233
788.225 265.778
1529.09 -89.9115
822.75 235.346
786.443 263.11
837.93 802.978
784.668 262.222
783.777 261.333
783.777 260.444
178.409 54.5696
1275.85 307.739
818.261 226.223
780.221 258.667
1629.85 -765.158
955.182 495.586
150063 -63686.3
776.667 258.666
362.116 551.905
278.821 -1.01937
60.3676 -376.948
772.221 256.892
775.6 252.872
1716.49 -1083.39
513.243 261.303
969.613 718.744
767.778 255.999
0.104552 51.3424
1590.05 70.2167
796.446 223.968
121.061 1364.26
763.339 255.11
762.445 255.111
665.366 -175.68
760.666 255.111
759.778 254.223
1120 1072.94
758.001 253.334
814.647 192.074
777.897 228.994
507.969 146.126
947.197 -175.716
-273.595 540.781
751.772 252.447
750.888 251.554
750.002 251.556
1398.9 -610.63
272.236 528.128
768.301 227.227
856.467 403.952
745.556 250.666
-536.039 1287.18
1328.33 10422
742.889 250.666
-180.025 789.278
747.04 242.46
739.333 249.777
777.537 199.254
756.354 224.841
956.663 321.89
-3310.03 -3036.05
734.889 248.888
-55.4214 1161.36
873.155 -325.171
1925.74 -526.567
730.445 247.111
-2331.5 4711.95
945.971 660.964
746.836 220.213
550.157 621.826
796.298 -217.363
574.195 120.035
724.222 246.223
310.338 617.563
2179.85 1034.85
-2629.18 -5035.31
720.666 245.334
368.148 -243.35
728.26 230.752
536.154 288.765
583.526 469.794
730.532 221.419
727.863 223.101
2661.67 -208.573
669.141 313.612
747.767 184.608
796.063 1005.24
754.101 -437.242
-901.895 -1361.43
1284.69 -554.928
708.221 241.779
-127.097 1613.67
169.724 392.511
705.55 241.775
720.322 212.678
168.964 -117.14
709.013 230.152
805.934 365.625
701.112 240.889
700.223 240.888
1301.84 -206.793
1.37358 108.345
-100.09 612.222
696.666 239.111
695.777 239.111
-852.119 -1387.78
697.086 232.44
111.677 634.121
692.223 238.222
691.333 238.222
690.444 238.22
690.693 235.593
1554.35 2483.26
687.777 238.222
686.89 237.334
686 237.333
685.112 237.334
-833.415 460.364
683.335 236.446
474.46 496.297
409.801 524.142
680.667 235.556
-41.5882 -128.684
1414.65 -25.5635
679.21 228.631
125.162 1662.78
-529.145 -140.877
1234.79 -129.485
1691.21 -563.038
-163.294 -113.53
415.786 443.43
-84.4721 253.865
434.142 345.014
669.111 232.89
668.222 232.889
1188.96 219.233
682.591 175.235
822.343 107.142
921.727 -2611.12
491.766 262.906
662.888 232
661.997 231.112
661.114 231.114
669.034 194.405
737.883 458.168
569.684 -141.394
657.556 231.111
25335.8 -20670.9
655.778 230.222
568.844 221.64
1188.17 762.864
659.208 198.206
652.947 225.533
661.434 174.845
650.445 229.333
649.814 226.959
655.19 189.802
676.4 291.308
338.033 143.64
646 227.555
939.041 -216.882
374.057 -157.621
184.042 237.652
642.444 227.555
973.985 -184.235
1188.58 -341.158
-377.05 3493.27
479.069 -107.952
809.144 -327.916
358.677 1323.89
909.426 -569.057
1558.31 1256.98
2227.94 1274.43
633.556 224.888
7061.14 8207.14
631.779 224.889
630.888 224.89
3315.84 -1477.46
630.45 199.828
604.613 430.85
848.848 -140.828
625.554 223.11
37.0372 -129.742
1405.47 -321.669
624.67 915.096
865.342 -16.5858
331.559 525.091
332.904 528.182
619.333 222.223
738.391 4.32712
-809.988 1363.66
312.117 789.637
615.307 200.339
1020.26 421.318
827.001 -198.922
613.111 221.334
201.994 -40.8619
608.847 167.706
-254.243 2461.57
607.777 219.556
282.559 588.791
1070.83 800.452
604.386 209.726
354.705 1180.65
1170.68 -195.046
602.445 217.778
-1318.62 -1773.32
600.666 217.778
-8.50903 608.817
598.89 217.778
62.1126 738.691
596.222 216.888
595.334 216.889
202.774 -70.3252
640.525 176.962
785.019 571.444
591.778 216.001
187.355 208.21
1772.15 1312.93
299.678 1090.55
821.716 -83.4378
574.079 139.764
578.694 171.127
1878.72 1081.29
1831.08 -1461.45
576.729 177.934
582.889 214.222
629.836 -563.052
333.384 767.646
573.761 182.917
236.857 -258.647
574.415 195.19
108.303 275.458
569.73 182.34
749.079 -326.392
574.889 212.444
-807.549 -1884.28
573.112 211.557
789.127 142.774
571.334 211.555
772.083 895.735
569.556 210.667
289.374 502.568
580.439 603.776
566 210.666
-10254.2 39717.8
538.322 121.304
542.62 140.134
225.396 133.835
357.799 -92.1191
1312 -817.957
559.778 208.889
549.827 180.514
246.811 352.941
531.993 131.218
556.221 208.002
543.111 171.682
554.442 207.993
553.556 207.112
542.519 178.013
-1782.46 8713.88
550.887 207.109
351.554 -220.316
549.112 207.111
869.189 76.3018
527.784 154.055
546.445 206.222
545.556 206.222
544.668 206.221
156.243 -85.5583
542.89 205.335
-1500.86 -2749.3
1152.21 -505.699
274.695 276.595
536.508 197.59
398.58 126.077
507.555 133.254
1115.23 918.948
710.968 344.589
284.475 -238.512
3614.33 2483.73
855.957 639.866
532.222 203.555
523.345 185.853
529.555 202.667
499.346 139.307
238.661 275.729
525.999 201.779
869.857 463.647
523.333 200.888
522.444 200.89
618.12 237.376
1329.85 -330.36
986.253 -206.141
25.8335 532.386
820.4 619.809
513.803 193.569
499.656 168.077
515.334 200.001
467.711 414.204
-87.6564 -996.707
512.666 200
129.222 -1792.62
666.637 668.883
248.864 600.623
968.644 70.6488
275.494 394.336
321.353 -39.1691
501.734 190.78
504.666 198.222
1889.54 -532.283
822.164 -343.965
502.001 198.222
465.922 137.366
500.222 197.333
499.333 197.334
498.445 197.333
658.386 -314.049
1598.86 -833.965
819.401 427.115
787.154 -287.796
629.741 31.42
832.724 -39.1289
481.587 181.988
320.019 -44.2038
621.443 81.1363
1302.69 -2552.99
454.09 144.61
479.15 184.615
486 196.446
981.642 266.654
356.785 360.894
483.334 196.444
-2955.39 1946.82
81.5667 -227.417
-2447.59 -628.484
-271.215 492.807
444.766 146.147
444.535 147.403
240.936 330.725
304.481 1357.81
-1090.04 -68.2355
668.15 252.584
1113.36 484.58
471.777 194.667
470.889 194.667
445.971 161.796
111.74 -1578.43
468.222 193.778
81.3324 782.634
466.443 193.777
-471.773 670.253
464.667 193.778
1079.11 -502.161
462.889 193.779
-231.901 923.153
999.919 -888.434
-2839.86 -207.482
795.051 -155.093
458.446 193.779
457.555 193.778
-70.9404 300.393
455.776 193.776
-1346.54 1018.84
1247.46 -414.193
453.112 192.889
452.223 192.889
-121338 -28262
423.087 -271.714
412.983 148.489
423.455 162.439
446.889 192
446 192
445.11 191.999
444.222 192
433.075 179.934
539.142 176.164
434.482 183.762
-953.523 -1256.53
421.888 170.396
437.829 189.889
421.291 171.952
437.111 191.111
436.222 191.111
402.847 154.398
428.011 183.874
7563.92 5587.16
432.667 190.221
431.779 190.222
1295.26 30.2754
1364 210.236
383.792 -361.426
779.333 352
1774.41 -6419.53
781.111 352
782 352.889
782.892 352.892
2697.52 -2089.19
784.666 353.778
785.553 353.779
786.445 354.665
1137.8 607.011
-1032.36 -774.511
789.112 355.555
1076.79 535.288
1844.84 574.58
791.778 356.445
792.667 357.333
793.555 357.333
860.577 1927.04
662.536 -307.914
796.222 359.11
797.11 359.11
266.523 -278.343
798.889 360
1203.8 1422.9
800.666 360.889
801.556 360.889
802.445 361.778
803.333 361.778
804.222 362.667
805.111 362.667
805.999 363.556
360.527 1022.94
807.777 363.555
808.667 363.556
809.555 364.444
265.788 465.57
811.332 365.333
812.222 366.223
813.111 366.222
813.997 366.223
2846.93 -28.7297
1013.03 336.372
2896.1 -27454.6
817.555 367.999
818.444 368.889
1002.48 -63.6893
820.221 368.889
1055.05 667.782
822.889 370.667
1251.4 98.9975
825.557 371.554
1128.18 -1495.26
827.333 372.444
31.6619 -29.8524
550.654 966.807
829.998 374.222
830.889 374.222
-216.878 36.2075
832.662 374.221
833.555 375.112
1058.52 934.972
835.332 375.997
837.112 376.889
110.346 -1083.72
1726.32 341.462
350.798 343.041
840.668 377.778
840.667 379.556
839.778 379.556
838.89 379.555
838 379.555
837.111 379.555
1327.51 475.911
835.331 379.557
834.443 379.555
833.556 379.556
832.667 378.668
1072.46 71.4517
2032.88 -361.74
367.547 715.236
829.111 378.667
1302.76 399.461
827.333 378.667
826.443 378.667
170.795 991.695
824.667 378.667
823.778 378.667
752.37 431.269
821.999 377.778
1021.12 1193.2
820.221 377.779
-939.118 1473.42
-287.427 -2214.19
421.529 1776.04
816.667 377.778
815.778 377.778
814.888 376.889
1227.73 756.266
812.221 376.889
82.7173 -468.333
810.445 376.889
809.556 376.889
808.667 376.889
807.778 376.889
921.069 1265.54
1079 -377.165
1461.06 1074.17
804.223 376
803.333 376
802.445 375.997
801.555 376
1474.49 -382.367
799.778 376
250.766 2214.85
797.999 375.999
3011.91 8438.45
796.222 376
-882.655 1094.1
794.445 376
793.555 376
791.777 376
790.889 375.112
173.26 876.119
789.109 375.11
788.222 374.222
347.38 646.141
786.445 372.444
785.553 371.556
1449.6 322.064
784.667 369.778
783.773 368.886
783.778 368
481.55 448.673
783.779 366.222
782.889 365.332
782 364.445
1927.61 -484.263
782.001 362.667
1485.35 899.432
780.221 360.889
780.222 360
780.221 359.11
780.222 358.222
779.333 357.333
1086.25 -216.876
779.334 355.556
937.134 92.1173
777.556 353.775
1072.67 293.935
776.666 351.111
1659.49 492.574
778.445 351.111
777.555 352
